0, start, -0.001107564, -0.07320973, -0.02126418, 0.018868936
1, Assign seriousness, 0.010582148, 0.023937387, -0.07495243, 0.023219923
2, Closed, 0.054161567, 0.005692992, -0.008966784, 0.015055518
3, Create SW anomaly, -0.010849417, 0.01951149, -0.08548567, 0.022091087
4, DUPLICATE, 0.00042399464, 0.086356364, 0.018821625, -0.020349037
5, INVALID, -0.005648413, 0.0010294607, -0.044589076, 0.012951982
6, Insert ticket, 0.02690002, 0.017309887, -0.044083275, 0.018969627
7, RESOLVED, -0.0049199327, -0.0030188079, -0.03985564, 0.012254647
8, Require upgrade, -0.009442292, 0.024782395, -0.07057959, 0.016892456
9, Resolve SW anomaly, -0.005918686, 0.034415137, -0.043615773, 0.0067265946
10, Resolve ticket, -0.004703284, 0.018850297, -0.052691367, 0.0127855195
11, Schedule intervention, -0.008440923, -0.010412627, -0.06839904, 0.022209108
12, Take in charge ticket, 0.017544148, 0.018538421, -0.048930753, 0.017558279
13, VERIFIED, -0.006673011, -0.040977962, -0.060225282, 0.0249858
14, Wait, 0.023789922, 0.029841982, -0.07750752, 0.027382068
15, end, -0.0017119802, -0.12226056, -0.035592258, 0.031498775
