0, start, 0.08286183, 0.0015090271, -0.07725099, -0.0076044924, 0.018461725
1, Change Version, -0.058977395, -0.002630665, 0.05236967, 0.005383735, -0.011422953
2, Final Inspection, 0.044967275, 0.0074053253, -0.05500338, -0.007390185, 0.025865097
3, Final Inspection Q.C., 0.0034663745, 0.03183701, -0.04349499, -0.015147934, 0.057563413
4, Fix, -0.05103377, 0.0030849045, 0.059832744, 0.00012875159, 0.01362277
5, Flat Grinding, -0.0022226751, 0.08458003, -0.01745522, -0.04090946, -0.008762864
6, Grinding Rework, -0.028409638, 0.070920534, 0.025597584, -0.030538099, -0.037133805
7, Lapping, -0.008069656, 0.051765684, 0.0027094076, -0.0231272, 0.00091001386
8, Laser Marking, -0.013124786, 0.08119615, 0.012211573, -0.037413947, 0.015324676
9, Milling, -0.0025706028, 0.011115041, -0.0019445826, -0.00043809545, 0.07388142
10, Milling Q.C., 0.047703713, 0.007918771, -0.057576552, -0.0076703215, 0.026835352
11, Nitration Q.C., 0.05364461, 0.010505499, -0.07043058, -0.00975035, 0.036665745
12, Packing, 0.042906243, -0.0015837328, 0.02548897, -0.006301834, -0.0066702766
13, Rework Milling, -0.049731128, -0.0011881025, 0.044873852, 0.0040968903, -0.009231212
14, Round  Q.C., 0.044324342, 0.007948491, -0.05499599, -0.007507828, 0.026942363
15, Round Grinding, -0.009280592, 0.07570849, -0.01078873, -0.03311915, 0.007787749
16, SETUP     Turning & Milling, 0.067586675, 0.0026300754, -0.06296104, -0.006218974, 0.008500465
17, Setup, 0.0725058, 0.0026393575, -0.0717707, -0.0061715203, 0.0034184644
18, Stress Relief, -0.054319166, -0.0027895323, 0.06147952, 0.0035500845, 0.01328142
19, Turn & Mill. & Screw Assem, -0.022418275, 0.006196755, 0.0228963, -0.0032344686, 0.056223165
20, Turning, -0.029983584, -0.0025637317, 0.07679756, 0.0019313148, 0.06737556
21, Turning & Milling, -0.019749125, 0.021172537, 0.035704337, -0.007939951, 0.0912696
22, Turning & Milling Q.C., -0.0062344624, 0.045905482, -0.017755803, -0.023888782, 0.086644
23, Turning Q.C., 0.022438496, 0.017778933, -0.05087442, -0.009965135, 0.04419168
24, Turning Rework, -0.07462209, -0.0020891512, 0.06616325, 0.006209494, -0.013312728
25, end, 0.056014564, 0.0011519082, -0.05306682, -0.0047909757, 0.013595757
