0, start, -0.0046077333, -0.017828757, -0.0016120265, -0.037541084, 3.9112878e-05
1, Role 1, 0.0002702613, 0.008866473, 0.02193862, -0.0035396486, 0.042817548
2, Role 10, -0.012768856, -0.045863464, -0.0046546194, -0.095754616, 9.845788e-05
3, Role 11, -0.010207621, -0.036970064, -0.0040683015, -0.08294298, -0.00044744718
4, Role 12, -0.010743466, -0.03851149, -0.0034152123, -0.07982125, 0.001045866
5, Role 13, 0.009317238, 0.036692195, 0.0040126923, 0.076124966, 0.0002437699
6, Role 14, -0.01063957, -0.040311206, -0.0038195888, -0.08492737, 0.001277894
7, Role 2, -0.0031864662, 0.038354527, 0.0025849598, -0.017099397, -0.004356618
8, Role 3, -0.014557838, 0.047540333, -0.025335295, -0.02153261, 0.05770377
9, Role 4, 0.0071744313, 0.028252678, 0.005792439, 0.062487155, 0.017494474
10, Role 5, 0.060756564, 0.0033226174, 0.05455311, -0.019376578, 0.00085167616
11, Role 6, 0.01063609, 0.021401983, 0.009030526, 0.04441389, 0.0041786274
12, Role 7, -0.0018644481, 0.07533024, 0.0059686317, -0.033935156, -0.017635433
13, Role 8, -0.008906153, -0.031733792, -0.0036628982, -0.06627908, -0.0002803433
14, Role 9, 0.006930652, 0.06692302, 0.006534912, 0.080633596, 0.027673852
15, end, 0.011902472, 0.046936695, 0.004189208, 0.09752513, -0.00070181594
